評估時間: 2025-05-08 12:51:14.574543
評估指標:
accuracy: 0.525
average_error: 0.3722500000000001
average_confidence: 0.6524261077274962
high_confidence_accuracy: 0.48484848484848486
